image: rcll_2023_clean.pgm
resolution: 0.050000
origin: [-110.000000, -97.000000, 0.000]
negate: 0
occupied_thresh: 0.65
free_thresh: 0.196

