image: rcll_2023_clean_doublerot.pgm
resolution: 0.0550000
origin: [-18.0000, -16.00000, 0.000]
negate: 0
occupied_thresh: 0.65
free_thresh: 0.196

