image: Logistics2024_pro.pgm
resolution: 0.050000
origin: [-98.000000, -106.200000, 0.000000]
negate: 0
occupied_thresh: 0.65
free_thresh: 0.196

