image: rcll_2023_blocked_ch.pgm
resolution: 0.0550000
origin: [-16.8000, -15.000000, 0.000000]
negate: 0
occupied_thresh: 0.65
free_thresh: 0.196

